9 0 39
9 1 40
10 0 40
10 1 41
11 0 41
11 1 42
12 0 42
12 1 43
13 0 43
13 1 44
9 1 44
9 2 45
10 1 45
10 2 46
11 1 46
11 2 47
12 1 47
12 2 48
13 1 48
13 2 49
9 2 49
9 3 50
10 2 50
10 3 51
11 2 51
11 3 52
12 2 52
12 3 53
13 2 53
13 3 54
9 3 68
9 2 69
10 3 68
10 2 69
11 3 68
11 2 69
12 3 68
12 2 69
13 3 69
13 2 70
9 2 69
9 3 70
10 2 70
10 3 71
11 2 71
11 3 72
12 2 72
12 3 73
13 2 73
13 3 74
9 3 98
9 2 99
10 3 98
10 2 99
11 3 98
11 2 99
12 3 98
12 2 99
13 3 99
13 2 100
9 2 99
9 3 100
10 2 100
10 3 101
11 2 101
11 3 102
12 2 102
12 3 103
13 2 103
13 3 104
9 3 128
9 2 129
10 3 128
10 2 129
11 3 128
11 2 129
12 3 128
12 2 129
13 3 129
13 2 130
9 2 129
9 3 130
10 2 130
10 3 131
11 2 131
11 3 132
12 2 132
12 3 133
13 2 133
13 3 134
9 3 158
9 2 159
10 3 158
10 2 159
11 3 158
11 2 159
12 3 158
12 2 159
13 3 159
13 2 160
9 2 159
9 3 160
10 2 160
10 3 161
11 2 161
11 3 162
12 2 162
12 3 163
13 2 163
13 3 164